1.185000000000000000e+03
1.186000000000000000e+03
1.426000000000000000e+03
1.427000000000000000e+03
1.428000000000000000e+03
1.429000000000000000e+03
2.298000000000000000e+03
2.299000000000000000e+03
2.300000000000000000e+03
2.301000000000000000e+03
2.302000000000000000e+03
2.303000000000000000e+03
2.304000000000000000e+03
2.305000000000000000e+03
2.306000000000000000e+03
2.307000000000000000e+03
2.308000000000000000e+03
2.309000000000000000e+03
2.310000000000000000e+03
2.377000000000000000e+03
2.378000000000000000e+03
2.379000000000000000e+03
2.380000000000000000e+03
2.381000000000000000e+03
2.382000000000000000e+03
2.383000000000000000e+03
2.384000000000000000e+03
2.385000000000000000e+03
2.386000000000000000e+03
3.110000000000000000e+03
3.367000000000000000e+03
3.474000000000000000e+03
3.475000000000000000e+03
4.163000000000000000e+03
4.164000000000000000e+03
4.165000000000000000e+03
4.166000000000000000e+03
4.167000000000000000e+03
4.168000000000000000e+03
4.171000000000000000e+03
4.172000000000000000e+03
4.173000000000000000e+03
4.176000000000000000e+03
6.293000000000000000e+03
6.668000000000000000e+03
6.669000000000000000e+03
6.670000000000000000e+03
8.101000000000000000e+03
8.102000000000000000e+03
8.307000000000000000e+03
8.373000000000000000e+03
9.082000000000000000e+03
9.083000000000000000e+03
9.084000000000000000e+03
9.085000000000000000e+03
9.086000000000000000e+03
9.087000000000000000e+03
9.761000000000000000e+03
9.762000000000000000e+03
9.763000000000000000e+03
9.764000000000000000e+03
9.769000000000000000e+03
1.000800000000000000e+04
1.063200000000000000e+04
1.067800000000000000e+04
1.138000000000000000e+04
1.143400000000000000e+04
1.215400000000000000e+04
1.215500000000000000e+04
1.215600000000000000e+04
1.215700000000000000e+04
1.215800000000000000e+04
1.215900000000000000e+04
1.216000000000000000e+04
1.216100000000000000e+04
1.243000000000000000e+04
1.243100000000000000e+04
1.243200000000000000e+04
1.243300000000000000e+04
1.256800000000000000e+04
1.290000000000000000e+04
1.293000000000000000e+04
1.298400000000000000e+04
1.300700000000000000e+04
1.300800000000000000e+04
1.300900000000000000e+04
1.301000000000000000e+04
1.306500000000000000e+04
1.306600000000000000e+04
1.379700000000000000e+04
1.379800000000000000e+04
1.379900000000000000e+04
1.380000000000000000e+04
1.380100000000000000e+04
1.384000000000000000e+04
1.385000000000000000e+04
1.436200000000000000e+04
1.459000000000000000e+04
1.459100000000000000e+04
1.459200000000000000e+04
1.459300000000000000e+04
1.459400000000000000e+04
1.462100000000000000e+04
1.484700000000000000e+04
1.484800000000000000e+04
1.484900000000000000e+04
1.496700000000000000e+04
1.496800000000000000e+04
1.544600000000000000e+04
1.544700000000000000e+04
1.544800000000000000e+04
1.544900000000000000e+04
1.545000000000000000e+04
1.553700000000000000e+04
1.553800000000000000e+04
1.553900000000000000e+04
1.554000000000000000e+04
1.554600000000000000e+04
1.560400000000000000e+04
1.623900000000000000e+04
1.628000000000000000e+04
1.628100000000000000e+04
1.628200000000000000e+04
1.628300000000000000e+04
1.628400000000000000e+04
1.628500000000000000e+04
1.628600000000000000e+04
1.628700000000000000e+04
1.643300000000000000e+04
1.643400000000000000e+04
1.643500000000000000e+04
1.643600000000000000e+04
1.643700000000000000e+04
1.717900000000000000e+04
1.719300000000000000e+04
1.719400000000000000e+04
17195
